param n := 100;
param k := 8;
param max_ciudades := 20;

param dist :
0 1 2 3 4 5 6 7 8 9 10 11 12 13 14 15 16 17 18 19 20 21 22 23 24 25 26 27 28 29 30 31 32 33 34 35 36 37 38 39 40 41 42 43 44 45 46 47 48 49 50 51 52 53 54 55 56 57 58 59 60 61 62 63 64 65 66 67 68 69 70 71 72 73 74 75 76 77 78 79 80 81 82 83 84 85 86 87 88 89 90 91 92 93 94 95 96 97 98 99 :=
0 0 77 41 35 40 53 70 29 75 12 47 63 10 37 12 43 50 27 44 12 28 41 45 28 33 61 38 10 16 50 52 73 58 53 60 70 41 43 39 49 68 3 31 61 41 43 19 24 62 48 43 62 44 21 21 82 73 23 29 31 76 34 13 20 66 57 37 42 65 17 26 62 53 24 60 14 61 52 83 59 43 33 41 61 70 75 42 60 57 39 59 55 55 45 22 6 39 40 54 46
1 77 0 43 98 98 82 60 87 64 84 65 21 68 44 73 47 117 58 40 81 104 60 33 104 102 22 39 77 75 75 99 4 106 73 18 31 75 38 47 29 90 74 82 19 99 37 94 90 76 38 71 38 100 62 64 5 88 95 53 69 14 45 87 93 16 33 87 46 77 70 53 79 121 88 102 71 37 25 95 68 70 78 111 90 66 5 80 53 124 53 29 43 24 78 63 81 46 39 35 114
2 41 43 0 72 75 72 69 62 74 52 57 24 31 4 34 40 89 37 3 41 66 20 23 69 73 22 18 46 47 66 82 40 88 67 30 52 34 29 36 15 85 39 60 23 76 8 60 62 74 7 30 49 78 36 23 47 87 63 33 26 48 9 53 53 28 41 66 5 76 43 29 76 93 60 88 31 48 23 97 67 59 58 81 82 73 39 64 58 96 42 40 47 19 65 39 43 4 24 40 85
3 35 98 72 0 7 35 66 11 69 24 42 90 44 67 48 53 19 40 75 45 39 76 66 24 8 88 62 27 25 37 22 94 25 42 81 80 76 60 52 75 47 35 16 86 7 71 21 11 48 78 78 70 10 37 56 103 54 16 45 67 93 63 25 45 91 69 16 74 50 30 46 47 23 12 31 50 69 74 63 51 35 22 15 39 63 98 26 60 26 46 72 61 80 31 36 37 70 60 66 17
4 40 98 75 7 0 30 62 12 64 29 38 91 49 70 53 52 21 41 77 51 46 80 66 31 15 89 63 31 28 33 15 94 18 37 81 78 82 60 51 77 40 40 16 87 1 73 28 17 43 81 83 68 3 39 61 102 48 23 46 72 92 66 31 52 92 68 12 77 45 32 47 41 25 17 24 54 67 74 57 46 32 20 20 32 59 98 22 57 27 45 71 59 82 26 37 43 73 61 65 20
5 53 82 72 35 30 0 34 29 35 47 17 82 57 68 64 36 49 36 74 66 70 85 56 58 43 80 56 44 37 7 20 78 26 10 67 56 91 48 39 69 15 51 24 77 30 68 51 38 13 77 91 46 29 39 67 86 20 47 40 80 73 63 50 71 81 50 20 76 15 37 44 12 54 37 20 64 46 63 30 18 14 21 50 9 30 84 11 32 54 31 53 39 72 9 37 58 73 52 47 50
6 70 60 69 66 62 34 0 57 6 68 25 67 68 66 76 30 82 43 69 81 94 86 46 85 73 66 50 63 56 29 54 56 60 25 50 29 97 40 35 58 34 67 51 62 62 61 75 65 22 70 95 22 62 50 74 62 30 73 43 86 47 62 72 90 65 30 50 73 22 53 48 25 87 63 53 75 23 49 35 16 31 45 81 38 6 63 40 11 88 31 33 22 60 36 48 75 70 45 29 82
7 29 87 62 11 12 29 57 0 60 20 32 79 37 58 41 42 30 29 65 41 41 68 55 29 17 77 51 20 15 29 23 83 28 33 69 69 70 49 41 65 43 28 6 75 13 60 22 9 41 68 71 59 16 26 49 91 49 17 34 60 82 53 22 44 80 58 9 65 44 19 35 40 34 8 31 43 58 63 59 42 26 12 26 35 55 87 19 50 37 35 61 51 70 23 25 33 61 49 55 28
8 75 64 74 69 64 35 6 60 0 73 29 73 73 72 81 36 84 48 75 86 98 92 52 88 76 72 56 67 61 31 55 61 60 27 55 34 103 46 41 64 33 72 54 67 64 67 79 68 22 76 101 28 64 55 80 67 27 77 49 92 52 68 76 95 71 36 53 79 21 58 53 25 89 66 53 81 29 55 31 18 35 49 84 38 5 68 42 17 89 37 39 28 66 38 53 80 76 51 35 84
9 12 84 52 24 29 47 68 20 73 0 44 72 22 47 24 46 39 29 54 21 25 53 52 20 22 70 46 7 12 45 42 81 47 49 67 74 52 48 42 58 61 12 23 69 30 52 9 13 57 58 54 65 33 23 33 89 67 12 33 43 82 44 4 25 75 61 28 53 60 17 32 57 42 13 51 26 64 59 77 56 39 26 30 54 68 83 35 59 45 40 63 56 64 39 24 14 49 46 58 34
10 47 65 57 42 38 17 25 32 29 44 0 65 47 53 55 19 59 23 59 58 69 71 39 59 49 63 40 38 32 10 35 61 41 10 50 41 80 31 22 52 28 44 26 59 39 51 50 40 17 61 79 31 40 28 56 69 30 48 25 68 56 48 47 66 64 33 26 61 20 29 30 19 63 38 37 55 30 46 40 13 7 20 57 26 24 67 16 18 65 15 36 23 55 13 26 52 58 35 30 58
11 63 21 24 90 91 82 67 79 73 72 65 0 53 27 57 45 108 50 21 65 89 39 26 91 92 2 28 66 65 74 95 20 102 74 18 42 55 33 43 14 92 61 76 5 92 20 81 80 79 18 50 45 94 53 46 25 91 84 45 49 31 29 75 76 5 37 81 26 81 60 44 81 112 78 100 54 44 19 100 71 68 72 101 90 73 17 76 58 115 50 34 47 9 75 54 66 27 31 38 105
12 10 68 31 44 49 57 68 37 73 22 47 53 0 27 8 40 60 25 34 14 36 32 37 39 43 51 30 17 22 52 59 65 65 55 51 64 34 36 35 40 71 9 37 51 49 33 30 33 64 37 35 57 52 19 12 73 75 33 25 23 69 24 23 25 56 51 44 32 66 20 21 64 63 32 67 8 56 43 86 60 45 37 51 66 70 66 46 57 67 37 52 51 45 48 21 13 28 32 49 56
13 37 44 4 67 70 68 66 58 72 47 53 27 27 0 30 37 85 33 7 38 62 21 21 65 68 25 15 41 43 62 77 41 84 63 30 51 34 26 32 16 81 35 56 26 71 8 56 57 70 11 31 47 73 32 20 49 83 59 29 25 48 5 49 50 30 39 62 8 72 38 25 72 88 56 83 28 46 23 93 63 55 54 77 78 70 41 60 55 92 39 39 44 20 60 34 40 5 21 38 81
14 12 73 34 48 53 64 76 41 81 24 55 57 8 30 0 47 62 33 36 8 32 30 43 38 45 55 36 22 27 60 64 70 70 62 57 72 29 43 43 45 78 13 43 55 53 37 30 37 71 40 30 65 56 27 11 78 83 35 33 19 75 29 24 20 60 58 49 33 74 27 29 72 64 36 72 3 64 49 93 67 52 44 52 72 78 71 53 65 68 45 59 58 50 55 29 11 30 39 56 57
15 43 47 40 53 52 36 30 42 36 46 19 45 40 37 47 0 72 16 41 53 70 57 20 64 58 44 22 39 34 29 52 43 59 28 31 28 67 12 5 33 47 40 37 40 52 34 54 47 34 43 66 19 54 23 45 51 47 54 15 56 40 32 49 64 45 16 40 45 36 29 18 36 76 45 55 47 18 26 57 27 24 31 67 45 33 48 33 19 78 7 19 11 36 31 22 49 41 17 13 70
16 50 117 89 19 21 49 82 30 84 39 59 108 60 85 62 72 0 59 92 58 44 92 85 28 17 106 80 44 43 53 30 113 29 57 100 99 89 79 71 94 58 51 35 105 20 89 32 28 63 96 92 88 20 56 72 121 65 27 64 81 112 81 38 54 110 88 33 91 64 48 65 61 5 30 37 64 88 92 73 66 52 40 10 50 79 117 43 77 7 65 91 80 99 47 54 51 88 79 85 5
17 27 58 37 40 41 36 43 29 48 29 23 50 25 33 33 16 59 0 39 38 54 49 26 48 44 49 22 22 18 30 45 54 52 32 41 44 57 20 13 36 49 24 25 46 42 33 38 32 40 42 56 35 43 7 33 63 52 38 5 45 54 28 33 47 52 32 31 41 42 13 8 41 63 30 51 33 34 34 63 35 22 22 53 45 45 58 28 33 66 12 34 28 41 28 6 33 37 20 29 56
18 44 40 3 75 77 74 69 65 75 54 59 21 34 7 36 41 92 39 0 44 68 21 23 72 75 20 19 49 50 68 84 38 91 68 28 51 35 30 37 13 87 42 63 21 78 8 63 64 75 4 32 49 80 39 26 45 88 66 35 28 46 11 56 55 25 41 69 5 77 45 31 77 95 63 90 34 48 23 98 68 60 60 84 84 73 37 67 58 99 44 40 48 17 67 41 46 6 24 41 88
19 12 81 41 45 51 66 81 41 86 21 58 65 14 38 8 53 58 38 44 0 24 36 51 32 41 63 44 22 28 62 64 78 69 65 65 78 32 50 49 52 80 15 43 63 52 45 26 34 74 48 34 71 54 31 19 86 85 31 39 24 82 37 20 12 68 65 49 41 77 29 35 74 60 34 72 10 70 57 96 71 55 45 48 74 82 79 54 70 64 50 66 64 58 57 33 8 38 46 63 53
20 28 104 66 39 46 70 94 41 98 25 69 89 36 62 32 70 44 54 68 24 0 59 72 16 32 87 66 32 38 69 61 101 64 73 87 97 52 70 66 76 84 31 46 87 47 69 20 32 82 72 55 89 49 47 43 109 90 24 56 47 104 60 22 14 92 84 50 65 84 42 54 81 44 34 70 35 88 79 100 81 64 51 34 76 94 102 59 85 48 65 86 81 81 63 48 23 62 67 82 39
21 41 60 20 76 80 85 86 68 92 53 71 39 32 21 30 57 92 49 21 36 59 0 42 67 75 39 36 49 53 79 90 58 96 81 49 71 15 47 52 34 99 41 68 41 81 28 60 65 88 22 11 68 84 46 20 64 101 64 46 13 67 25 54 45 44 60 75 15 91 50 42 90 94 64 97 27 67 43 112 83 72 67 82 94 90 56 75 75 98 58 59 65 37 77 48 41 17 41 59 87
22 45 33 23 66 66 56 46 55 52 52 39 26 37 21 43 20 85 26 23 51 72 42 0 71 69 24 7 45 43 49 70 29 76 49 15 30 55 8 17 13 67 42 51 21 67 15 61 58 54 24 52 27 69 29 36 38 67 62 21 45 32 18 55 62 26 18 56 27 56 37 20 57 89 55 74 41 26 8 77 47 43 47 78 65 51 32 51 36 91 25 18 25 16 50 30 49 25 6 18 82
23 28 104 69 24 31 58 85 29 88 20 59 91 39 65 38 64 28 48 72 32 16 67 71 0 16 89 65 27 30 58 46 100 48 62 87 93 63 67 62 77 70 30 34 89 31 71 10 20 70 76 66 83 33 43 49 109 77 12 52 56 102 62 17 27 94 80 37 70 72 36 51 69 29 22 55 40 82 79 87 71 54 40 18 63 83 103 47 76 33 59 82 75 83 51 43 27 67 66 77 23
24 33 102 73 8 15 43 73 17 76 22 49 92 43 68 45 58 17 44 75 41 32 75 69 16 0 90 64 27 27 45 30 98 32 49 84 86 73 64 56 78 55 34 23 88 15 72 16 11 56 79 75 76 17 40 55 106 63 11 48 64 98 64 21 40 94 74 24 74 59 32 49 55 20 14 39 47 75 77 72 58 42 28 9 47 71 101 34 67 24 52 77 67 83 38 39 34 71 63 71 13
25 61 22 22 88 89 80 66 77 72 70 63 2 51 25 55 44 106 49 20 63 87 39 24 89 90 0 26 64 64 73 94 20 100 72 17 42 54 32 41 13 91 59 74 4 90 19 80 79 78 17 50 44 92 51 45 26 90 82 44 48 31 27 73 75 6 36 79 24 79 58 42 80 110 77 98 53 43 18 99 70 67 70 99 89 71 17 75 57 113 49 33 46 8 74 52 64 26 29 37 103
26 38 39 18 62 63 56 50 51 56 46 40 28 30 15 36 22 80 22 19 44 66 36 7 65 64 26 0 39 38 49 68 35 74 49 21 37 49 11 18 14 68 36 48 24 64 12 55 53 56 22 46 32 66 25 29 43 69 57 18 38 39 12 49 55 30 24 53 23 58 32 16 58 84 51 72 35 31 13 78 49 42 44 73 65 54 38 49 39 87 25 24 29 19 49 26 43 20 5 23 77
27 10 77 46 27 31 44 63 20 67 7 38 66 17 41 22 39 44 22 49 22 32 49 45 27 27 64 39 0 7 41 43 74 48 44 60 67 51 41 35 52 58 9 21 63 32 46 16 16 53 52 52 58 34 16 29 82 63 18 26 40 75 38 11 28 68 54 27 48 56 10 24 53 47 15 50 23 57 52 74 51 34 23 35 52 63 76 32 53 50 34 56 50 57 35 17 14 44 39 51 40
28 16 75 47 25 28 37 56 15 61 12 32 65 22 43 27 34 43 18 50 28 38 53 43 30 27 64 38 7 0 34 37 72 43 38 58 62 56 38 31 51 52 14 15 62 28 46 20 15 46 53 57 53 31 13 34 80 57 20 22 45 72 39 16 35 67 50 22 50 49 6 22 46 46 13 45 29 52 50 67 44 28 17 36 45 56 75 26 47 50 28 52 45 56 29 13 21 46 37 47 39
29 50 75 66 37 33 7 29 29 31 45 10 74 52 62 60 29 53 30 68 62 69 79 49 58 45 73 49 41 34 0 26 71 32 4 60 50 86 41 32 62 19 48 24 69 33 61 50 38 12 70 86 40 33 34 62 79 23 46 33 75 66 57 48 69 74 42 22 70 15 33 38 12 57 36 27 60 39 55 34 14 8 19 52 16 26 77 11 26 59 24 46 32 65 7 31 55 66 45 40 53
30 52 99 82 22 15 20 54 23 55 42 35 95 59 77 64 52 30 45 84 64 61 90 70 46 30 94 68 43 37 26 0 95 7 30 83 76 93 62 53 81 27 51 23 91 15 79 43 30 33 87 94 65 13 46 71 103 35 37 50 83 91 73 44 66 96 67 16 85 35 40 53 31 35 30 9 66 65 77 43 39 29 24 34 20 50 100 19 52 35 46 71 57 86 22 43 56 81 64 64 32
31 73 4 40 94 94 78 56 83 61 81 61 20 65 41 70 43 113 54 38 78 101 58 29 100 98 20 35 74 72 71 95 0 102 69 14 28 73 34 43 26 86 71 78 17 95 34 90 86 72 36 69 34 96 58 61 9 84 91 49 66 12 42 84 90 15 29 83 43 74 66 49 75 117 84 98 68 34 22 91 64 66 74 107 86 62 7 76 50 120 49 25 40 21 74 59 77 44 35 31 110
32 58 106 88 25 18 26 60 28 60 47 41 102 65 84 70 59 29 52 91 69 64 96 76 48 32 100 74 48 43 32 7 102 0 36 89 82 99 69 60 88 30 57 29 97 18 85 46 35 38 94 100 72 15 52 77 110 38 41 57 88 98 79 49 70 103 74 22 92 39 46 60 36 33 35 8 71 71 84 44 44 35 30 34 23 55 107 26 58 32 52 77 64 93 28 50 61 88 71 71 32
33 53 73 67 42 37 10 25 33 27 49 10 74 55 63 62 28 57 32 68 65 73 81 49 62 49 72 49 44 38 4 30 69 36 0 59 47 88 41 32 61 19 51 28 69 37 61 54 42 9 71 88 37 37 36 64 77 21 51 35 77 63 58 52 72 73 40 26 71 11 36 39 9 62 40 30 63 37 55 31 9 10 23 57 17 22 75 15 22 63 24 44 30 65 11 34 58 67 45 38 57
34 60 18 30 81 81 67 50 69 55 67 50 18 51 30 57 31 100 41 28 65 87 49 15 87 84 17 21 60 58 60 83 14 89 59 0 25 64 21 30 15 76 57 65 12 82 22 76 73 63 27 60 27 83 45 49 22 75 77 36 55 18 29 70 77 15 20 70 34 65 52 36 66 104 71 86 55 26 8 83 55 54 61 93 76 55 18 63 41 106 37 17 30 12 62 45 64 33 21 21 97
35 70 31 52 80 78 56 29 69 34 74 41 42 64 51 72 28 99 44 51 78 97 71 30 93 86 42 37 67 62 50 76 28 82 47 25 0 85 28 31 38 61 67 64 37 79 44 82 75 48 51 82 10 80 50 66 33 58 82 41 75 18 48 77 89 39 13 66 56 49 57 44 51 103 73 76 70 11 29 64 40 47 58 95 63 35 35 57 25 105 34 12 19 37 54 50 75 55 33 16 97
36 41 75 34 76 82 91 97 70 103 52 80 55 34 34 29 67 89 57 35 32 52 15 55 63 73 54 49 51 56 86 93 73 99 88 64 85 0 59 62 49 105 42 71 56 82 42 57 65 96 37 5 81 85 52 24 79 109 62 55 11 82 37 52 37 59 73 78 30 99 54 50 98 91 65 101 27 80 57 119 91 78 72 79 100 100 71 81 86 95 67 73 77 52 82 55 39 31 53 72 85
37 43 38 29 60 60 48 40 49 46 48 31 33 36 26 43 12 79 20 30 50 70 47 8 67 64 32 11 41 38 41 62 34 69 41 21 28 59 0 9 21 59 40 44 29 61 22 57 52 47 31 56 22 62 25 38 43 59 58 15 48 34 22 51 61 33 15 49 34 49 32 16 49 83 50 66 42 21 15 69 39 35 40 73 57 44 38 43 29 86 17 16 18 24 42 25 47 31 6 13 76
38 39 47 36 52 51 39 35 41 41 42 22 43 35 32 43 5 71 13 37 49 66 52 17 62 56 41 18 35 31 32 53 43 60 32 30 31 62 9 0 30 50 36 36 38 52 29 51 45 38 39 61 23 54 19 40 51 51 51 10 51 41 28 46 59 43 18 40 40 41 26 14 40 75 43 57 42 22 24 61 31 26 31 65 48 38 47 34 24 77 8 21 16 34 33 19 45 37 13 16 68
39 49 29 15 75 77 69 58 65 64 58 52 14 40 16 45 33 94 36 13 52 76 34 13 77 78 13 14 52 51 62 81 26 88 61 15 38 49 21 30 0 80 47 61 11 78 8 67 66 67 13 45 37 80 38 35 34 80 69 31 41 33 16 61 64 16 29 67 19 69 46 29 70 97 64 86 42 36 10 89 60 55 58 86 78 63 26 63 48 101 37 27 37 6 62 40 53 18 17 29 90
40 68 90 85 47 40 15 34 43 33 61 28 92 71 81 78 47 58 49 87 80 84 99 67 70 55 91 68 58 52 19 27 86 30 19 76 61 105 59 50 80 0 66 38 87 40 80 64 52 14 89 105 52 39 53 81 93 8 60 53 94 79 76 64 86 91 57 33 89 13 51 57 11 62 50 22 79 53 73 17 22 27 35 60 8 29 92 26 37 62 43 61 47 83 23 51 73 86 63 55 59
41 3 74 39 35 40 51 67 28 72 12 44 61 9 35 13 40 51 24 42 15 31 41 42 30 34 59 36 9 14 48 51 71 57 51 57 67 42 40 36 47 66 0 29 58 41 40 21 24 59 46 43 59 43 17 21 79 70 24 26 32 73 32 14 23 63 54 36 41 62 15 23 60 54 23 59 15 58 49 81 56 41 31 42 59 68 73 40 57 58 36 55 51 52 43 19 9 37 37 51 47
42 31 82 60 16 16 24 51 6 54 23 26 76 37 56 43 37 35 25 63 43 46 68 51 34 23 74 48 21 15 24 23 78 29 28 65 64 71 44 36 61 38 29 0 72 16 58 26 14 36 66 72 54 18 24 49 87 44 23 30 60 77 51 26 47 77 53 7 63 38 18 32 35 39 13 30 44 53 59 55 36 20 6 31 31 49 83 13 44 42 30 56 45 66 17 22 35 59 45 50 33
43 61 19 23 86 87 77 62 75 67 69 59 5 51 26 55 40 105 46 21 63 87 41 21 89 88 4 24 63 62 69 91 17 97 69 12 37 56 29 38 11 87 58 72 0 88 18 79 77 74 19 52 40 90 49 46 24 86 81 41 50 27 27 72 75 5 31 77 26 76 57 40 76 108 75 95 53 39 14 95 66 63 68 97 85 67 16 72 53 111 46 29 41 6 70 50 64 27 26 33 101
44 41 99 76 7 1 30 62 13 64 30 39 92 49 71 53 52 20 42 78 52 47 81 67 31 15 90 64 32 28 33 15 95 18 37 82 79 82 61 52 78 40 41 16 88 0 73 29 17 43 81 84 69 2 40 61 103 48 23 46 72 93 67 31 53 93 69 13 78 45 33 48 42 25 18 23 55 68 75 57 47 32 21 20 33 59 99 23 57 26 46 72 60 83 27 38 44 74 62 66 20
45 43 37 8 71 73 68 61 60 67 52 51 20 33 8 37 34 89 33 8 45 69 28 15 71 72 19 12 46 46 61 79 34 85 61 22 44 42 22 29 8 80 40 58 18 73 0 61 61 68 10 38 42 76 34 28 41 81 64 28 33 41 9 54 57 23 33 63 13 70 41 25 70 92 59 84 35 40 16 90 61 54 55 81 77 65 34 60 51 96 37 32 40 13 60 36 46 11 17 33 85
46 19 94 60 21 28 51 75 22 79 9 50 81 30 56 30 54 32 38 63 26 20 60 61 10 16 80 55 16 20 50 43 90 46 54 76 82 57 57 51 67 64 21 26 79 29 61 0 13 62 67 60 73 31 32 40 98 71 6 42 49 91 53 7 24 84 70 31 61 65 25 41 62 34 14 51 32 72 68 81 62 45 31 22 57 75 93 40 67 38 49 72 65 73 44 32 19 58 55 67 27
47 24 90 62 11 17 38 65 9 68 13 40 80 33 57 37 47 28 32 64 34 32 65 58 20 11 79 53 16 15 38 30 86 35 42 73 75 65 52 45 66 52 24 14 77 17 61 13 0 50 68 67 65 20 28 45 95 58 8 37 55 86 53 14 36 82 63 18 64 53 20 37 49 31 2 39 38 65 65 68 51 34 20 21 44 64 90 28 57 35 41 66 57 71 32 27 26 60 52 60 24
48 62 76 74 48 43 13 22 41 22 57 17 79 64 70 71 34 63 40 75 74 82 88 54 70 56 78 56 53 46 12 33 72 38 9 63 48 96 47 38 67 14 59 36 74 43 68 62 50 0 77 96 39 43 44 73 79 13 59 42 85 65 65 60 81 78 44 33 78 3 45 47 3 67 48 31 71 39 60 23 8 19 31 63 16 17 79 23 23 68 31 47 33 70 19 42 67 74 51 42 63
49 48 38 7 78 81 77 70 68 76 58 61 18 37 11 40 43 96 42 4 48 72 22 24 76 79 17 22 52 53 70 87 36 94 71 27 51 37 31 39 13 89 46 66 19 81 10 67 68 77 0 33 50 84 42 29 42 90 70 38 31 45 15 60 59 22 42 72 8 80 49 34 79 99 66 93 37 49 23 100 70 63 64 87 86 75 34 69 60 103 46 40 49 15 69 44 50 9 26 42 92
50 43 71 30 78 83 91 95 71 101 54 79 50 35 31 30 66 92 56 32 34 55 11 52 66 75 50 46 52 57 86 94 69 100 88 60 82 5 56 61 45 105 43 72 52 84 38 60 67 96 33 0 78 86 52 24 75 108 65 54 12 78 34 54 41 55 70 79 26 98 55 49 97 94 66 102 29 77 54 119 90 78 72 82 100 98 67 81 84 98 66 70 75 48 82 54 41 27 51 69 87
51 62 38 49 70 68 46 22 59 28 65 31 45 57 47 65 19 88 35 49 71 89 68 27 83 76 44 32 58 53 40 65 34 72 37 27 10 81 22 23 37 52 59 54 40 69 42 73 65 39 50 78 0 70 42 60 41 50 72 33 71 27 44 68 82 43 9 56 54 40 48 36 42 93 63 66 64 1 28 57 30 37 48 85 53 28 41 47 15 95 25 11 9 38 44 41 67 52 28 9 87
52 44 100 78 10 3 29 62 16 64 33 40 94 52 73 56 54 20 43 80 54 49 84 69 33 17 92 66 34 31 33 13 96 15 37 83 80 85 62 54 80 39 43 18 90 2 76 31 20 43 84 86 70 0 42 64 105 47 25 48 75 94 69 34 55 95 70 14 80 45 35 50 41 24 20 21 58 69 77 55 47 33 22 21 31 59 101 23 58 26 47 73 61 84 27 40 46 76 63 67 20
53 21 62 36 37 39 39 50 26 55 23 28 53 19 32 27 23 56 7 39 31 47 46 29 43 40 51 25 16 13 34 46 58 52 36 45 50 52 25 19 38 53 17 24 49 40 34 32 28 44 42 52 42 42 0 28 67 57 33 9 41 59 27 27 41 54 38 30 39 47 8 9 45 59 26 52 27 41 37 67 40 26 22 49 48 51 62 29 39 63 19 40 34 43 31 3 26 35 24 35 52
54 21 64 23 56 61 67 74 49 80 33 56 46 12 20 11 45 72 33 26 19 43 20 36 49 55 45 29 29 34 62 71 61 77 64 49 66 24 38 40 35 81 21 49 46 61 28 40 45 73 29 24 60 64 28 0 69 85 45 31 12 67 20 34 30 50 53 55 22 75 31 27 74 74 44 78 9 59 41 96 68 55 49 62 76 77 61 57 63 78 44 53 55 40 59 31 22 20 33 51 67
55 82 5 47 103 102 86 62 91 67 89 69 25 73 49 78 51 121 63 45 86 109 64 38 109 106 26 43 82 80 79 103 9 110 77 22 33 79 43 51 34 93 79 87 24 103 41 98 95 79 42 75 41 105 67 69 0 91 100 58 73 15 49 92 98 20 36 91 50 81 75 58 82 126 93 106 76 41 30 97 71 74 82 115 94 68 8 84 56 128 58 33 47 28 82 68 86 50 43 39 119
56 73 88 87 54 48 20 30 49 27 67 30 91 75 83 83 47 65 52 88 85 90 101 67 77 63 90 69 63 57 23 35 84 38 21 75 58 109 59 51 80 8 70 44 86 48 81 71 58 13 90 108 50 47 57 85 91 0 67 55 97 76 78 70 91 90 56 40 91 11 56 60 11 70 57 30 83 50 73 11 20 30 41 68 16 24 90 31 34 70 44 59 45 83 28 54 78 87 64 54 67
57 23 95 63 16 23 47 73 17 77 12 48 84 33 59 35 54 27 38 66 31 24 64 62 12 11 82 57 18 20 46 37 91 41 51 77 82 62 58 51 69 60 24 23 81 23 64 6 8 59 70 65 72 25 33 45 100 67 0 42 54 92 55 11 30 86 70 26 65 61 25 42 58 30 10 46 37 71 70 76 59 42 28 18 52 72 94 36 65 34 48 72 64 75 40 33 24 61 56 67 23
58 29 53 33 45 46 40 43 34 49 33 25 45 25 29 33 15 64 5 35 39 56 46 21 52 48 44 18 26 22 33 50 49 57 35 36 41 55 15 10 31 53 26 30 41 46 28 42 37 42 38 54 33 48 9 31 58 55 42 0 43 50 24 36 49 47 28 35 37 45 17 4 44 68 35 55 32 32 29 65 37 26 27 57 49 46 53 32 32 71 12 30 26 36 32 10 34 33 15 26 61
59 31 69 26 67 72 80 86 60 92 43 68 49 23 25 19 56 81 45 28 24 47 13 45 56 64 48 38 40 45 75 83 66 88 77 55 75 11 48 51 41 94 32 60 50 72 33 49 55 85 31 12 71 75 41 12 73 97 54 43 0 74 27 43 32 53 63 67 24 88 43 39 86 83 55 90 17 69 48 108 80 67 61 71 89 89 65 69 75 87 56 63 66 45 71 43 30 23 43 61 76
60 76 14 48 93 92 73 47 82 52 82 56 31 69 48 75 40 112 54 46 82 104 67 32 102 98 31 39 75 72 66 91 12 98 63 18 18 82 34 41 33 79 73 77 27 93 41 91 86 65 45 78 27 94 59 67 15 76 92 50 74 0 48 86 94 27 24 80 52 66 67 51 68 116 84 93 73 27 26 83 57 62 72 107 80 53 18 72 42 118 47 21 34 30 69 59 81 51 37 27 109
61 34 45 9 63 66 63 62 53 68 44 48 29 24 5 29 32 81 28 11 37 60 25 18 62 64 27 12 38 39 57 73 42 79 58 29 48 37 22 28 16 76 32 51 27 67 9 53 53 65 15 34 44 69 27 20 49 78 55 24 27 48 0 46 48 32 36 57 13 68 34 20 67 84 52 79 26 43 22 88 59 50 49 73 73 65 42 55 51 88 34 36 40 21 56 29 37 9 17 35 77
62 13 87 53 25 31 50 72 22 76 4 47 75 23 49 24 49 38 33 56 20 22 54 55 17 21 73 49 11 16 48 44 84 49 52 70 77 52 51 46 61 64 14 26 72 31 54 7 14 60 60 54 68 34 27 34 92 70 11 36 43 86 46 0 22 77 64 31 55 63 20 35 60 40 15 53 26 67 62 80 60 43 30 28 57 72 86 39 63 44 44 66 60 66 42 27 13 51 49 62 33
63 20 93 53 45 52 71 90 44 95 25 66 76 25 50 20 64 54 47 55 12 14 45 62 27 40 75 55 28 35 69 66 90 70 72 77 89 37 61 59 64 86 23 47 75 53 57 24 36 81 59 41 82 55 41 30 98 91 30 49 32 94 48 22 0 80 76 53 52 84 37 46 81 56 36 75 22 81 69 102 79 62 51 44 79 91 90 60 80 60 60 78 75 69 63 42 15 49 58 74 49
64 66 16 28 91 92 81 65 80 71 75 64 5 56 30 60 45 110 52 25 68 92 44 26 94 94 6 30 68 67 74 96 15 103 73 15 39 59 33 43 16 91 63 77 5 93 23 84 82 78 22 55 43 95 54 50 20 90 86 47 53 27 32 77 80 0 35 82 30 80 62 45 80 114 80 100 58 42 19 99 70 68 73 103 90 71 12 77 56 117 50 32 45 11 75 56 69 31 32 37 107
65 57 33 41 69 68 50 30 58 36 61 33 37 51 39 58 16 88 32 41 65 84 60 18 80 74 36 24 54 50 42 67 29 74 40 20 13 73 15 18 29 57 54 53 31 69 33 70 63 44 42 70 9 70 38 53 36 56 70 28 63 24 36 64 76 35 0 56 46 45 44 30 47 92 61 69 57 8 19 64 36 38 48 83 58 36 35 48 22 95 23 3 11 30 46 37 62 43 20 3 86
66 37 87 66 16 12 20 50 9 53 28 26 81 44 62 49 40 33 31 69 49 50 75 56 37 24 79 53 27 22 22 16 83 22 26 70 66 78 49 40 67 33 36 7 77 13 63 31 18 33 72 79 56 14 30 55 91 40 26 35 67 80 57 31 53 82 56 0 69 35 24 38 32 37 17 23 50 55 63 50 35 20 9 31 26 48 87 11 45 39 33 59 47 72 15 28 41 65 50 53 32
67 42 46 5 74 77 76 73 65 79 53 61 26 32 8 33 45 91 41 5 41 65 15 27 70 74 24 23 48 50 70 85 43 92 71 34 56 30 34 40 19 89 41 63 26 78 13 61 64 78 8 26 54 80 39 22 50 91 65 37 24 52 13 55 52 30 46 69 0 80 46 33 80 94 62 91 31 53 28 101 71 63 61 83 86 77 42 68 62 98 47 45 52 22 69 42 44 4 28 45 87
68 65 77 76 50 45 15 22 44 21 60 20 81 66 72 74 36 64 42 77 77 84 91 56 72 59 79 58 56 49 15 35 74 39 11 65 49 99 49 41 69 13 62 38 76 45 70 65 53 3 80 98 40 45 47 75 81 11 61 45 88 66 68 63 84 80 45 35 80 0 47 49 4 69 51 32 74 40 62 21 10 21 34 65 16 16 80 25 24 69 34 49 35 72 21 45 70 77 53 43 65
69 17 70 43 30 32 37 53 19 58 17 29 60 20 38 27 29 48 13 45 29 42 50 37 36 32 58 32 10 6 33 40 66 46 36 52 57 54 32 26 46 51 15 18 57 33 41 25 20 45 49 55 48 35 8 31 75 56 25 17 43 67 34 20 37 62 44 24 46 47 0 17 45 52 18 47 28 47 45 66 42 26 17 41 46 53 69 26 43 55 24 47 40 51 28 7 23 42 31 42 45
70 26 53 29 46 47 44 48 35 53 32 30 44 21 25 29 18 65 8 31 35 54 42 20 51 49 42 16 24 22 38 53 49 60 39 36 44 50 16 14 29 57 23 32 40 48 25 41 37 47 34 49 36 50 9 27 58 60 42 4 39 51 20 35 46 45 30 38 33 49 17 0 48 69 35 59 28 35 28 70 41 30 29 58 53 50 53 35 37 72 17 32 29 34 36 11 32 29 14 28 62
71 62 79 76 47 41 12 25 40 25 57 19 81 64 72 72 36 61 41 77 74 81 90 57 69 55 80 58 53 46 12 31 75 36 9 66 51 98 49 40 70 11 60 35 76 42 70 62 49 3 79 97 42 41 45 74 82 11 58 44 86 68 67 60 81 80 47 32 80 4 45 48 0 65 48 28 72 42 62 22 11 19 31 62 13 20 82 22 26 65 33 50 36 73 18 43 67 76 53 44 61
72 53 121 93 23 25 54 87 34 89 42 63 112 63 88 64 76 5 63 95 60 44 94 89 29 20 110 84 47 46 57 35 117 33 62 104 103 91 83 75 97 62 54 39 108 25 92 34 31 67 99 94 93 24 59 74 126 70 30 68 83 116 84 40 56 114 92 37 94 69 52 69 65 0 33 41 67 92 96 77 71 57 45 12 54 83 121 47 82 4 69 95 84 103 51 58 53 91 83 89 7
73 24 88 60 12 17 37 63 8 66 13 38 78 32 56 36 45 30 30 63 34 34 64 55 22 14 77 51 15 13 36 30 84 35 40 71 73 65 50 43 64 50 23 13 75 18 59 14 2 48 66 66 63 20 26 44 93 57 10 35 55 84 52 15 36 80 61 17 62 51 18 35 48 33 0 38 38 62 63 67 49 32 18 23 43 61 88 26 55 36 39 64 55 70 30 25 26 58 50 58 26
74 60 102 88 31 24 20 53 31 53 51 37 100 67 83 72 55 37 51 90 72 70 97 74 55 39 98 72 50 45 27 9 98 8 30 86 76 101 66 57 86 22 59 30 95 23 84 51 39 31 93 102 66 21 52 78 106 30 46 55 90 93 79 53 75 100 69 23 91 32 47 59 28 41 38 0 74 66 81 36 38 32 30 42 15 48 103 23 52 40 49 73 59 90 24 49 64 87 69 66 39
75 14 71 31 50 54 64 75 43 81 26 55 54 8 28 3 47 64 33 34 10 35 27 41 40 47 53 35 23 29 60 66 68 71 63 55 70 27 42 42 42 79 15 44 53 55 35 32 38 71 37 29 64 58 27 9 76 83 37 32 17 73 26 26 22 58 57 50 31 74 28 28 72 67 38 74 0 62 47 94 67 53 45 55 73 77 69 54 65 71 44 58 57 48 56 29 14 28 37 55 60
76 61 37 48 69 67 46 23 58 29 64 30 44 56 46 64 18 88 34 48 70 88 67 26 82 75 43 31 57 52 39 65 34 71 37 26 11 80 21 22 36 53 58 53 39 68 40 72 65 39 49 77 1 69 41 59 41 50 71 32 69 27 43 67 81 42 8 55 53 40 47 35 42 92 62 66 62 0 27 58 31 36 48 84 53 29 40 46 16 94 24 10 8 37 43 40 66 50 26 8 86
77 52 25 23 74 74 63 49 63 55 59 46 19 43 23 49 26 92 34 23 57 79 43 8 79 77 18 13 52 50 55 77 22 84 55 8 29 57 15 24 10 73 49 59 14 75 16 68 65 60 23 54 28 77 37 41 30 73 70 29 48 26 22 62 69 19 19 63 28 62 45 28 62 96 63 81 47 27 0 81 52 50 55 86 72 54 25 58 40 99 32 17 28 10 57 38 56 26 14 20 90
78 83 95 97 63 57 30 35 59 31 77 40 100 86 93 93 57 73 63 98 96 100 112 77 87 72 99 78 74 67 34 43 91 44 31 83 64 119 69 61 89 17 81 55 95 57 90 81 68 23 100 119 57 55 67 96 97 11 76 65 108 83 88 80 102 99 64 50 101 21 66 70 22 77 67 36 94 58 81 0 30 41 51 76 24 29 98 42 42 76 54 67 53 92 38 65 88 97 74 62 75
79 59 68 67 51 46 18 16 42 18 56 13 71 60 63 67 27 66 35 68 71 81 83 47 71 58 70 49 51 44 14 39 64 44 9 55 40 91 39 31 60 22 56 36 66 47 61 62 51 8 70 90 30 47 40 68 71 20 59 37 80 57 59 60 79 70 36 35 71 10 42 41 11 71 49 38 67 31 52 30 0 17 31 66 23 13 71 24 15 72 25 39 25 62 20 38 65 68 44 33 66
80 43 70 59 35 32 14 31 26 35 39 7 68 45 55 52 24 52 22 60 55 64 72 43 54 42 67 42 34 28 8 29 66 35 10 54 47 78 35 26 55 27 41 20 63 32 54 45 34 19 63 78 37 33 26 55 74 30 42 26 67 62 50 43 62 68 38 20 63 21 26 30 19 57 32 32 53 36 50 41 17 0 14 50 23 30 72 10 25 58 18 42 29 59 7 24 48 59 38 35 52
81 33 78 58 22 20 21 45 12 49 26 20 72 37 54 44 31 40 22 60 45 51 67 47 40 28 70 44 23 17 19 24 74 30 23 61 58 72 40 31 58 35 31 6 68 21 55 31 20 31 64 72 48 22 22 49 82 41 28 27 61 72 49 30 51 73 48 9 61 34 17 29 31 45 18 30 45 48 55 51 31 14 0 37 29 44 79 9 38 47 25 51 40 63 13 20 38 57 41 45 39
82 41 111 81 15 20 50 81 26 84 30 57 101 51 77 52 67 10 53 84 48 34 82 78 18 9 99 73 35 36 52 34 107 34 57 93 95 79 73 65 86 60 42 31 97 20 81 22 21 63 87 82 85 21 49 62 115 68 18 57 71 107 73 28 44 103 83 31 83 65 41 58 62 12 23 42 55 84 86 76 66 50 37 0 53 79 110 42 75 16 60 86 76 92 46 48 41 79 72 80 5
83 61 90 82 39 32 9 38 35 38 54 26 90 66 78 72 45 50 45 84 74 76 94 65 63 47 89 65 52 45 16 20 86 23 17 76 63 100 57 48 78 8 59 31 85 33 77 57 44 16 86 100 53 31 48 76 94 16 52 49 89 80 73 57 79 90 58 26 86 16 46 53 13 54 43 15 73 53 72 24 23 23 29 53 0 33 92 19 38 54 40 61 47 81 18 46 66 82 61 55 52
84 70 66 73 63 59 30 6 55 5 68 24 73 70 70 78 33 79 45 73 82 94 90 51 83 71 71 54 63 56 26 50 62 55 22 55 35 100 44 38 63 29 68 49 67 59 65 75 64 17 75 98 28 59 51 77 68 24 72 46 89 53 65 72 91 71 36 48 77 16 53 50 20 83 61 48 77 29 54 29 13 30 44 79 33 0 69 37 15 84 33 39 26 65 33 49 76 74 49 34 79
85 75 5 39 98 98 84 63 87 68 83 67 17 66 41 71 48 117 58 37 79 102 56 32 103 101 17 38 76 75 77 100 7 107 75 18 35 71 38 47 26 92 73 83 16 99 34 93 90 79 34 67 41 101 62 61 8 90 94 53 65 18 42 86 90 12 35 87 42 80 69 53 82 121 88 103 69 40 25 98 71 72 79 110 92 69 0 81 56 124 54 32 46 21 79 63 79 43 38 37 114
86 42 80 64 26 22 11 40 19 42 35 16 76 46 60 53 33 43 28 67 54 59 75 51 47 34 75 49 32 26 11 19 76 26 15 63 57 81 43 34 63 26 40 13 72 23 60 40 28 23 69 81 47 23 29 57 84 31 36 32 69 72 55 39 60 77 48 11 68 25 26 35 22 47 26 23 54 46 58 42 24 10 9 42 19 37 81 0 34 49 26 51 39 67 4 27 47 64 46 45 42
87 60 53 58 60 57 32 11 50 17 59 18 58 57 55 65 19 77 33 58 70 85 75 36 76 67 57 39 53 47 26 52 50 58 22 41 25 86 29 24 48 37 57 44 53 57 51 67 57 23 60 84 15 58 39 63 56 34 65 32 75 42 51 63 80 56 22 45 62 24 43 37 26 82 55 52 65 16 40 42 15 25 38 75 38 15 56 34 0 83 21 25 11 50 31 38 65 59 34 20 76
88 57 124 96 26 27 54 88 37 89 45 65 115 67 92 68 78 7 66 99 64 48 98 91 33 24 113 87 50 50 59 35 120 32 63 106 105 95 86 77 101 62 58 42 111 26 96 38 35 68 103 98 95 26 63 78 128 70 34 71 87 118 88 44 60 117 95 39 98 69 55 72 65 4 36 40 71 94 99 76 72 58 47 16 54 84 124 49 83 0 72 98 86 106 53 61 57 94 86 91 11
89 39 53 42 46 45 31 31 35 37 40 15 50 37 39 45 7 65 12 44 50 65 58 25 59 52 49 25 34 28 24 46 49 52 24 37 34 67 17 8 37 43 36 30 46 46 37 49 41 31 46 66 25 47 19 44 58 44 48 12 56 47 34 44 60 50 23 33 47 34 24 17 33 69 39 49 44 24 32 54 25 18 25 60 40 33 54 26 21 72 0 26 16 41 25 17 45 43 20 20 63
90 59 29 40 72 71 53 33 61 39 63 36 34 52 39 59 19 91 34 40 66 86 59 18 82 77 33 24 56 52 46 71 25 77 44 17 12 73 16 21 27 61 55 56 29 72 32 72 66 47 40 70 11 73 40 53 33 59 72 30 63 21 36 66 78 32 3 59 45 49 47 32 50 95 64 73 58 10 17 67 39 42 51 86 61 39 32 51 25 98 26 0 14 27 49 40 64 43 20 6 89
91 55 43 47 61 59 39 22 51 28 56 23 47 51 44 58 11 80 28 48 64 81 65 25 75 67 46 29 50 45 32 57 40 64 30 30 19 77 18 16 37 47 51 45 41 60 40 65 57 33 49 75 9 61 34 55 47 45 64 26 66 34 40 60 75 45 11 47 52 35 40 29 36 84 55 59 57 8 28 53 25 29 40 76 47 26 46 39 11 86 16 14 0 39 36 33 60 49 24 9 78
92 55 24 19 80 82 72 60 70 66 64 55 9 45 20 50 36 99 41 17 58 81 37 16 83 83 8 19 57 56 65 86 21 93 65 12 37 52 24 34 6 83 52 66 6 83 13 73 71 70 15 48 38 84 43 40 28 83 75 36 45 30 21 66 69 11 30 72 22 72 51 34 73 103 70 90 48 37 10 92 62 59 63 92 81 65 21 67 50 106 41 27 39 0 66 45 58 22 21 30 96
93 45 78 65 31 26 9 36 23 38 39 13 75 48 60 55 31 47 28 67 57 63 77 50 51 38 74 49 35 29 7 22 74 28 11 62 54 82 42 33 62 23 43 17 70 27 60 44 32 19 69 82 44 27 31 59 82 28 40 32 71 69 56 42 63 75 46 15 69 21 28 36 18 51 30 24 56 43 57 38 20 7 13 46 18 33 79 4 31 53 25 49 36 66 0 28 50 65 45 43 47
94 22 63 39 36 37 37 48 25 53 24 26 54 21 34 29 22 54 6 41 33 48 48 30 43 39 52 26 17 13 31 43 59 50 34 45 50 55 25 19 40 51 19 22 50 38 36 32 27 42 44 54 41 40 3 31 68 54 33 10 43 59 29 27 42 56 37 28 42 45 7 11 43 58 25 49 29 40 38 65 38 24 20 48 46 49 63 27 38 61 17 40 33 45 28 0 27 38 25 34 51
95 6 81 43 37 43 58 75 33 80 14 52 66 13 40 11 49 51 33 46 8 23 41 49 27 34 64 43 14 21 55 56 77 61 58 64 75 39 47 45 53 73 9 35 64 44 46 19 26 67 50 41 67 46 26 22 86 78 24 34 30 81 37 13 15 69 62 41 44 70 23 32 67 53 26 64 14 66 56 88 65 48 38 41 66 76 79 47 65 57 45 64 60 58 50 27 0 41 44 60 46
96 39 46 4 70 73 73 70 61 76 49 58 27 28 5 30 41 88 37 6 38 62 17 25 67 71 26 20 44 46 66 81 44 88 67 33 55 31 31 37 18 86 37 59 27 74 11 58 60 74 9 27 52 76 35 20 50 87 61 33 23 51 9 51 49 31 43 65 4 77 42 29 76 91 58 87 28 50 26 97 68 59 57 79 82 74 43 64 59 94 43 43 49 22 65 38 41 0 25 43 83
97 40 39 24 60 61 52 45 49 51 46 35 31 32 21 39 17 79 20 24 46 67 41 6 66 63 29 5 39 37 45 64 35 71 45 21 33 53 6 13 17 63 37 45 26 62 17 55 52 51 26 51 28 63 24 33 43 64 56 15 43 37 17 49 58 32 20 50 28 53 31 14 53 83 50 69 37 26 14 74 44 38 41 72 61 49 38 46 34 86 20 20 24 21 45 25 44 25 0 19 76
98 54 35 40 66 65 47 29 55 35 58 30 38 49 38 56 13 85 29 41 63 82 59 18 77 71 37 23 51 47 40 64 31 71 38 21 16 72 13 16 29 55 51 50 33 66 33 67 60 42 42 69 9 67 35 51 39 54 67 26 61 27 35 62 74 37 3 53 45 43 42 28 44 89 58 66 55 8 20 62 33 35 45 80 55 34 37 45 20 91 20 6 9 30 43 34 60 43 19 0 83
99 46 114 85 17 20 50 82 28 84 34 58 105 56 81 57 70 5 56 88 53 39 87 82 23 13 103 77 40 39 53 32 110 32 57 97 97 85 76 68 90 59 47 33 101 20 85 27 24 63 92 87 87 20 52 67 119 67 23 61 76 109 77 33 49 107 86 32 87 65 45 62 61 7 26 39 60 86 90 75 66 52 39 5 52 79 114 42 76 11 63 89 78 96 47 51 46 83 76 83 0
;
